GE optimal (as of 01/06/2025):
255, 1280, 2245, 3280, 4205, 5230, 6225, 7135, 8130, 9130, 10255, 11325, 12215, 13190, 14180, 15230, 16140, 17095, 18115, 19115

after subtracting 810 (falling edge trigger):
-555, 470, 1435, 2470, 3395, 4420, 5415, 6325, 7320, 8320, 9445, 10515, 11405, 12380, 13370, 14420, 15330, 16285, 17305, 18305
after subtracting 730 (leading edge trigger):
-480, 545, 1510, 2545, 3470, 4490, 5490, 6400, 7395, 8395, 9520, 10590, 11480, 12455, 13450, 14490, 15405, 16365, 17380, 18380 

After delay angles for GE coupler (plastic) - as of 12/03/2024:
-110, 950, 1890, 2880, 3810, 4770, 5720, 6730, 7700, 8690, 9690, 10750, 11710, 12660, 13710, 14730, 15690, 16650, 17710, 18760

after adding 800 delay (not optimal):
690, 1750, 2690, 3680, 4610, 5570, 6520, 7530, 8500, 9490, 10490, 11550, 12510, 13460, 14510, 15530, 16490, 17450, 18510, 19560

_________________________________________________________________________________________________________________________________________________________
Angles for verasonics coupler (metal) - as of 01/06/2025:
545, 1540, 2525, 3540, 4560, 5530, 6535, 7510, 8485, 9500, 10455, 11430, 12480, 13540, 14565, 15575, 16590, 17595, 18585, 19555
after subtracting 810:
-265, 730, 1715, 2730, 3730, 4720, 5725, 6700, 7675, 8685, 9640, 10645, 11670, 12740, 13755, 14765, 15770, 16785, 17775, 18750

-270, 720, 1710, 2735, 3745, 4785, 5830, 6825, 7765, 8780, 9740, 10700, 11710, 12715, 13720, 14720, 15725, 16720, 17735, 18745

temporary:
-265, 730, 1715, 2730, 3730, 4720, 5725, 6700, 7675, 8685, 9640, 10625, 11665, 12730, 13755, 14765, 15780, 16785, 17775, 18750

Angles for verasonics coupler (metal) - as of 12/03/2024:
40,1060,2130,3160,4050,5160,6060,7090,8000,8940,9885,10900,11900,12900,13960,14955,16030,17005,17955,19000

after subtracting 730 (around 780Hz):
-690, 330, 1400, 2430, 3320, 4430, 5330, 6360, 7270, 8210, 9155, 10170, 11170, 12170, 13230, 14225, 15300, 16275, 17225, 18270

after subtracting 750 (800 hz, 24.2 microjoules):
-710, 310, 1380, 2410, 3300, 4410, 5310, 6340, 7250, 8190, 9135, 10150, 11150, 12150, 13210, 14205, 15280, 16255, 17205, 18250

after subtracting 770 (24.8 microjoules):
-730, 290, 1360, 2390, 3280, 4390, 5290, 6320, 7230, 8170, 9115, 10130, 11130, 12130, 13190, 14185, 15260, 16235, 17185, 18230

after subtracting 780 (830 hz, 25 microjoules):
-740, 280, 1350, 2380, 3270, 4380, 5280, 6310, 7220, 8160, 9105, 10120, 11120, 12120, 13180, 14175, 15250, 16225, 17175, 18220

after subtracting 785
-745, 275, 1345, 2375, 3265, 4375, 5275, 6305, 7215, 8155, 9100, 10115, 11115, 12115, 13175, 14170, 15245, 16220, 17170, 18215

after subtracting 790 
-750, 270, 1340, 2370, 3260, 4370, 5270, 6300, 7210, 8150, 9095, 10110, 11110, 12110, 13170, 14165, 15240, 16215, 17165, 18210

after subtracting 795 
-755, 265, 1335, 2365, 3255, 4365, 5265, 6295, 7205, 8145, 9090, 10105, 11105, 12105, 13165, 14160, 15235, 16210, 17160, 18205

after subtracting 800 (12_11 optimal)
-760, 260, 1330, 2360, 3250, 4360, 5260, 6290, 7200, 8140, 9085, 10100, 11100, 12100, 13160, 14155, 15230, 16205, 17155, 18200

after subtracting 805
-765, 255, 1325, 2355, 3245, 4355, 5255, 6285, 7195, 8135, 9080, 10095, 11095, 12095, 13155, 14150, 15225, 16200, 17150, 18195